Virat Kohli,RCB,206,44,454,661,8,45689,45689,82.62,8.73,56.7,0,0,0
Varun Aaron,RCB,47,45,970,1327,40,42430,42430,33.17,8.2,24.2,0,0,0
S Badrinath,RCB,137,2,18,22,1,42370,42370,22,7.33,18,0,0,0
AB de Villiers,RCB,216,0,0,0,0,0,0,0,0,0,0,0,0
Chris Gayle,RCB,272,125,1864,2343,77,44652,44652,30.42,7.54,24.2,2,0,0
Yuzvendra Chahal,RCB,82,80,1657,2021,85,45748,45748,23.77,7.31,19.4,1,0,0
Dinesh Karthik,RCB,199,1,12,10,1,42644,42644,10,5,12,0,0,0
Sarfaraz Khan,RCB,24,0,0,0,0,0,0,0,0,0,0,0,0
Harshal Patel,RCB,61,59,1211,1545,55,12844,12844,28.09,7.65,22,0,0,0
Darren Sammy,RCB,216,188,3054,3942,146,46143,46143,27,7.74,20.9,2,1,0
Mitchell Starc,RCB,85,84,1860,2215,127,42095,42095,17.44,7.14,14.6,1,0,0
MS Dhoni,CSK,245,1,12,25,0,0,0,0,12.5,0,0,0,0
Kyle Abbott,CSK,91,89,1905,2520,87,41760,41760,28.96,7.93,21.8,0,1,0
Ravichandran Ashwin,CSK,195,192,4150,4663,200,42586,42586,23.31,6.74,20.7,4,0,0
Samuel Badree,CSK,148,145,3135,2932,146,44682,44682,20.08,5.61,21.4,1,1,0
Dwayne Bravo,CSK,329,312,6239,8407,344,45047,45047,24.43,8.08,18.1,8,1,0
Faf du Plessis,CSK,166,52,790,917,50,43586,43586,18.34,6.96,15.8,1,2,0
Brendon McCullum,CSK,251,0,0,0,0,0,0,0,0,0,0,0,0
Ravindra Jadeja,CSK,183,157,2777,3550,119,42491,42491,29.83,7.67,23.3,3,1,0
Pawan Negi,CSK,65,56,1049,1309,48,44682,44682,27.27,7.48,21.8,1,1,0
Ashish Nehra,CSK,120,120,2586,3283,146,42647,42647,22.48,7.61,17.7,2,0,0
Suresh Raina,CSK,242,98,1305,1553,50,46113,46113,31.06,7.14,26.1,1,0,0
Jean-Paul Duminy,DD,210,117,1514,1904,67,4/17,4/17,28.41,7.54,22.5,3,0,0
Mayank Agarwal,DD,79,1,6,8,0,0,0,0,8,0,0,0,0
Quinton de Kock,DD,120,0,0,0,0,0,0,0,0,0,0,0,0
Imran Tahir,DD,134,128,2868,3289,156,4/21,4/21,21.08,6.88,18.3,3,0,0
Zaheer Khan,DD,127,126,2803,3489,129,4/17,4/17,27.04,7.46,21.7,2,0,0
Amit Mishra,DD,168,167,3569,4183,199,5/17,5/17,21.02,7.03,17.9,4,2,0
Angelo Mathews,DD,142,110,1933,2343,78,4/19,4/19,30.03,7.27,24.7,1,0,0
Mohammed Shami,DD,52,52,1053,1376,60,4/24,4/24,22.93,7.84,17.5,1,0,0
Albie Morkel,DD,287,262,4697,5999,230,4/25,4/25,26.08,7.66,20.4,3,0,0
Yuvraj Singh,DD,187,117,1501,1816,79,4/29,4/29,22.98,7.25,19,2,0,0
Manoj Tiwary,DD,124,26,318,422,16,3/19,3/19,26.37,7.96,19.8,0,0,0
George Bailey,KXIP,148,1,12,24,0,0,0,0,12,0,0,0,0
Anureet Singh,KXIP,44,43,878,1191,42,3/12,3/12,28.35,8.13,20.9,0,0,0
Parvinder Awana,KXIP,61,61,1359,1723,77,4/30,4/30,22.37,7.6,17.6,2,0,0
Mitchell Johnson,KXIP,82,81,1804,2360,94,3/15,3/15,25.1,7.84,19.1,0,0,0
Karanveer Singh,KXIP,15,15,302,451,18,4/15,4/15,25.05,8.96,16.7,2,0,0
Shaun Marsh,KXIP,135,2,12,13,0,0,0,0,6.5,0,0,0,0
Glenn Maxwell,KXIP,163,111,1425,1880,53,3/13,3/13,35.47,7.91,26.8,0,0,0
David Miller,KXIP,212,3,18,31,0,0,0,0,10.33,0,0,0,0
Axar Patel,KXIP,70,70,1522,1752,69,4/21,4/21,25.39,6.9,22,1,0,0
Wriddhiman Saha,KXIP,146,0,0,0,0,0,0,0,0,0,0,0,0
Virender Sehwag,KXIP,159,28,358,496,22,3/14,3/14,22.54,8.31,16.2,0,0,0
Gautam Gambhir,KKR,211,0,0,0,0,0,0,0,0,0,0,0,0
Azhar Mahmood,KKR,230,229,4825,6143,258,5/24,5/24,23.81,7.63,18.7,3,1,0
Johan Botha,KKR,184,176,3672,3931,146,4/16,4/16,26.92,6.42,25.1,2,0,0
Piyush Chawla,KKR,179,178,3684,4533,182,4/17,4/17,24.9,7.38,20.2,3,0,0
Brad Hogg,KKR,125,121,2645,3003,125,4/9,4/9,24.02,6.81,21.1,5,0,0
Kuldeep Yadav,KKR,24,24,520,624,37,5/17,5/17,16.86,7.2,14,0,1,0
Sunil Narine,KKR,196,192,4478,4245,241,5/19,5/19,17.61,5.68,18.5,10,1,0
Morne Morkel,KKR,159,157,3526,4366,174,4/17,4/17,25.09,7.42,20.2,4,0,0
Manish Pandey,KKR,141,10,168,212,10,4/27,4/27,21.2,7.57,16.8,2,0,0
Andre Russell,KKR,222,206,3779,5119,201,4/11,4/11,25.46,8.12,18.8,7,0,0
Robin Uthappa,KKR,198,1,6,11,0,0,0,0,11,0,0,0,0
Rohit Sharma,MI,236,57,628,817,29,4/6,4/6,28.17,7.8,21.6,1,0,0
Corey Anderson,MI,72,37,564,805,24,2/17,2/17,33.54,8.56,23.5,0,0,0
Aiden Blizzard,MI,94,1,6,10,0,0,0,0,10,0,0,0,0
Jasprit Bumrah,MI,82,82,1832,2209,95,3/10,3/10,23.25,7.23,19.2,0,0,0
Unmukt Chand,MI,59,0,0,0,0,0,0,0,0,0,0,0,0
Harbhajan Singh,MI,209,198,4302,4811,190,5/18,5/18,25.32,6.7,22.6,3,1,0
Ben Hilfenhaus,MI,77,77,1666,2083,96,4/27,4/27,21.69,7.5,17.3,1,0,0
Lasith Malinga,MI,221,216,4835,5393,299,6/7,6/7,18.03,6.69,16.1,8,4,0
Pragyan Ojha,MI,134,131,2771,3297,148,4/15,4/15,22.27,7.13,18.7,3,0,0
Parthiv Patel,MI,156,0,0,0,0,0,0,0,0,0,0,0,0
Kieron Pollard,MI,327,242,3854,5151,219,4/15,4/15,23.52,8.01,17.5,4,0,0
Shane Watson,RR,207,178,3490,4471,172,4/15,4/15,25.99,7.68,20.2,2,0,0
Ankit Sharma,RR,46,43,799,975,33,3/18,3/18,29.54,7.32,24.2,0,0,0
Stuart Binny,RR,107,86,1033,1299,47,4/14,4/14,27.63,7.54,21.9,1,0,0
Rajat Bhatia,RR,137,129,2364,2828,103,4/15,4/15,27.45,7.17,22.9,1,0,0
Ben Cutting,RR,58,58,1047,1467,47,3/24,3/24,31.21,8.4,22.2,0,0,0
James Faulkner,RR,134,134,2792,3665,158,5/16,5/16,23.19,7.87,17.6,1,3,0
Dhawal Kulkarni,RR,96,95,1936,2486,104,4/14,4/14,23.9,7.7,18.6,1,0,0
Chris Morris,RR,123,121,2614,3315,150,4/9,4/9,22.1,7.6,17.4,5,0,0
Ajinkya Rahane,RR,143,1,6,5,1,1/5,1/5,5,5,6,0,0,0
Sanju Samson,RR,91,1,3,4,1,1/4,1/4,4,8,3,0,0,0
Steven Smith,RR,140,48,785,992,51,4/13,4/13,19.45,7.58,15.3,2,0,0
David Warner,SRH,222,1,6,13,0,0,0,0,13,0,0,0,0
Moises Henriques,SRH,136,119,2072,2804,101,3/11,3/11,27.76,8.11,20.5,0,0,0
Shikhar Dhawan,SRH,160,6,48,66,4,1/7,1/7,16.5,8.25,12,0,0,0
Bhuvneshwar Kumar,SRH,102,102,2229,2623,108,4/14,4/14,24.28,7.06,20.6,2,0,0
Praveen Kumar,SRH,162,162,3423,4235,130,3/18,3/18,32.57,7.42,26.3,0,0,0
Eoin Morgan,SRH,200,0,0,0,0,0,0,0,0,0,0,0,0
Naman Ojha,SRH,141,0,0,0,0,0,0,0,0,0,0,0,0
Kevin Pietersen,SRH,159,30,396,534,17,3/33,3/33,31.41,8.09,23.2,0,0,0
Lokesh Rahul,SRH,58,0,0,0,0,0,0,0,0,0,0,0,0
Kane Williamson,SRH,103,50,716,844,27,3/33,3/33,31.25,7.07,26.5,0,0,0
Dale Steyn,SRH,179,176,3975,4423,201,4/9,4/9,22,6.67,19.7,4,0,0
